<?xml version="1.0" encoding="UTF-8" standalone="no" ?>
<SimscapeMultibodyImportXML version="2.0" xmlns="urn:mathworks:SimscapeMultibody:import" xmlns:xsi="http://www.w3.org/2001/XMLSchema-instance">
<Created by="" on="08/02/22||10:04:27" using="Simscape Multibody Link Version 7.4" from="SolidWorks 28.5.0"/>
<ModelUnits mass="kilogram" length="millimeter"/>
<DataUnits mass="kilogram" length="meter"/>
<RootAssembly name="Summary" uid="Summary" version="140">
<AssemblyFile name="Summary.SLDASM" type="SolidWorks Assembly"/>
<InstanceTree>
<Instance name="CanhTay2-3" uid="CanhTay2-3" entityUid="CanhTay2*:*Default">
<Transform>
<Rotation>-0.024584407002946937 -3.492620559835137e-15 -0.99969775779098036 0.99969775779098036 3.4882033095809156e-15 -0.024584407002946937 3.5730130326569651e-15 -1 3.405809532610101e-15</Rotation>
<Translation>0.85733705211745392 0.43733847478445526 0.32244104014024244</Translation>
</Transform>
</Instance>
<Instance name="Tool-2" uid="Tool-2" entityUid="Tool*:*Default">
<Transform>
<Rotation>-0.28603061601189567 0.95822047917160247 3.4926205598352324e-15 -0.95822047917160247 -0.28603061601189567 -3.4882033095716852e-15 -2.3434714365202662e-15 -4.3444334878214293e-15 0.99999999999999989</Rotation>
<Translation>0.85907791851520354 0.75615118294694939 0.30458893608921894</Translation>
</Transform>
</Instance>
<Instance name="Body-2" uid="Body-2" entityUid="Body" rigid="true">
<Transform>
<Rotation>-0.031779742964584419 3.4926205598352064e-15 -0.99949489640373101 -0.99949489640373101 -3.4882033095714939e-15 0.031779742964584419 -3.3754468218709263e-15 1 3.601710629216425e-15</Rotation>
<Translation>1.1527838729851716 0.71255946018199823 0.35963624113346521</Translation>
</Transform>
<Instance name="Part_Hieu-1" uid="Part_Hieu-1" grounded="true" entityUid="Part_Hieu*:*Default">
<Transform>
<Rotation>1 0 0 0 1 0 0 0 1</Rotation>
<Translation>0.13576419531120876 0.070911924755280187 0.29494293628097279</Translation>
</Transform>
</Instance>
<Instance name="Pump2-1" uid="Pump2-1" entityUid="Pump2*:*Default">
<Transform>
<Rotation>0.29232229432837248 0.62775245118978151 -0.72143921175925663 -0.23574378574868729 0.77841303947532958 0.58180581593488401 0.92680771669180328 0 0.37553622499104733</Rotation>
<Translation>0.099790222979116106 0.30381212492466531 0.34552809797055195</Translation>
</Transform>
</Instance>
</Instance>
<Instance name="Base-2" uid="Base-2" grounded="true" entityUid="Base" rigid="true">
<Transform>
<Rotation>-1 3.49148133884317e-15 -3.4914813388431334e-15 -3.4914813388431452e-15 -3.4914813388431211e-15 1 3.4914813388431578e-15 1 3.4914813388431334e-15</Rotation>
<Translation>1.142885186682113 -0.21166968340609527 -0.13153719467069086</Translation>
</Transform>
<Instance name="Base-1" uid="Base-1" grounded="true" entityUid="Base*:*Default">
<Transform>
<Rotation>1 0 0 0 1 0 0 0 1</Rotation>
<Translation>0.28355541086021074 0.028085360559433184 0.56797624967248739</Translation>
</Transform>
</Instance>
<Instance name="Pump-1" uid="Pump-1" entityUid="Pump*:*Default">
<Transform>
<Rotation>-0.92680771669180306 1.8210006558635551e-16 -0.37553622499104689 -0.10556985359177472 0.95967331839464431 0.26054198888859126 0.36039209521455579 0.28111763011488911 -0.88943263699138597</Rotation>
<Translation>0.24299973626862703 0.72522472608373711 0.47305272859762038</Translation>
</Transform>
</Instance>
</Instance>
</InstanceTree>
<Constraints>
<Concentric name="Concentric5">
<ConstraintGeometry geomType="cylinder">
<InstancePath>
<Uid>Base-2</Uid>
<Uid>Base-1</Uid>
</InstancePath>
<Position>0 0.34799999999999986 0</Position>
<Axis>0 1 0</Axis>
</ConstraintGeometry>
<ConstraintGeometry geomType="cylinder">
<InstancePath>
<Uid>CanhTay2-3</Uid>
</InstancePath>
<Position>-0.081056407185628732 0.044892874251496961 0</Position>
<Axis>0 -1 0</Axis>
</ConstraintGeometry>
</Concentric>
<Coincident name="Coincident4">
<ConstraintGeometry geomType="plane">
<InstancePath>
<Uid>Base-2</Uid>
<Uid>Base-1</Uid>
</InstancePath>
<Position>-0.083999999999999964 0.5149999999999999 0.16350000000000003</Position>
<Axis>0 -1 0</Axis>
</ConstraintGeometry>
<ConstraintGeometry geomType="plane">
<InstancePath>
<Uid>CanhTay2-3</Uid>
</InstancePath>
<Position>-0.081056407185628787 -0.089107125748503047 1.1102230246251565e-16</Position>
<Axis>0 -1 0</Axis>
</ConstraintGeometry>
</Coincident>
<Concentric name="Concentric6">
<ConstraintGeometry geomType="cylinder">
<InstancePath>
<Uid>CanhTay2-3</Uid>
</InstancePath>
<Position>0.14894359281437142 -0.050107125748503012 -1.1102230246251565e-16</Position>
<Axis>0 -1 0</Axis>
</ConstraintGeometry>
<ConstraintGeometry geomType="cylinder">
<InstancePath>
<Uid>Body-2</Uid>
<Uid>Part_Hieu-1</Uid>
</InstancePath>
<Position>-1.1102230246251565e-16 -0.018000000000000016 0</Position>
<Axis>0 -1 0</Axis>
</ConstraintGeometry>
</Concentric>
<Coincident name="Coincident5">
<ConstraintGeometry geomType="plane">
<InstancePath>
<Uid>CanhTay2-3</Uid>
</InstancePath>
<Position>0.14894359281437142 -0.090107125748503047 0</Position>
<Axis>0 -1 0</Axis>
</ConstraintGeometry>
<ConstraintGeometry geomType="plane">
<InstancePath>
<Uid>Body-2</Uid>
<Uid>Part_Hieu-1</Uid>
</InstancePath>
<Position>-1.1102230246251565e-16 -0.018000000000000016 0</Position>
<Axis>0 -1 0</Axis>
</ConstraintGeometry>
</Coincident>
<Concentric name="Concentric7">
<ConstraintGeometry geomType="cylinder">
<InstancePath>
<Uid>Body-2</Uid>
<Uid>Part_Hieu-1</Uid>
</InstancePath>
<Position>-0.16999999999999993 0.30450000000000005 0</Position>
<Axis>0 -1 0</Axis>
</ConstraintGeometry>
<ConstraintGeometry geomType="cylinder">
<InstancePath>
<Uid>Tool-2</Uid>
</InstancePath>
<Position>0 1.1102230246251565e-16 0.47099999999999992</Position>
<Axis>0 0 -0.99999999999999989</Axis>
</ConstraintGeometry>
</Concentric>
</Constraints>
</RootAssembly>
<Assemblies>
<Assembly name="Body" uid="Body" version="159">
<ModelUnits mass="kilogram" length="meter"/>
<AssemblyFile name="Body.sldasm" type="SolidWorks Assembly"/>
</Assembly>
<Assembly name="Base" uid="Base" version="242">
<ModelUnits mass="kilogram" length="millimeter"/>
<AssemblyFile name="Base.SLDASM" type="SolidWorks Assembly"/>
</Assembly>
</Assemblies>
<Parts>
<Part name="Base" uid="Base*:*Default" version="865">
<ModelUnits mass="kilogram" length="millimeter"/>
<PartFile name="Base.SLDPRT" type="SolidWorks Part"/>
<MassProperties>
<Mass>19.558374692007011</Mass>
<CenterOfMass>-1.5282631080556241e-06 0.34687243678902624 -0.049894858804023001</CenterOfMass>
<Inertia>0.92450801669320337 0.16667740689058874 0.83413742075036412 0.081274423520897685 1.9277441252502195e-06 9.8742199467772442e-08</Inertia>
</MassProperties>
<GeometryFile name="Base_Default_sldprt.STEP" type="STEP"/>
<VisualProperties>
<Ambient r="0.792156862745098" g="0.81960784313725488" b="0.93333333333333335" a="1"/>
<Diffuse r="0.792156862745098" g="0.81960784313725488" b="0.93333333333333335" a="1"/>
<Specular r="0.396078431372549" g="0.40980392156862744" b="0.46666666666666667" a="1"/>
<Emissive r="0" g="0" b="0" a="1"/>
<Shininess>0.40000000596046448</Shininess>
</VisualProperties>
</Part>
<Part name="CanhTay2" uid="CanhTay2*:*Default" version="201">
<ModelUnits mass="kilogram" length="millimeter"/>
<PartFile name="CanhTay2.SLDPRT" type="SolidWorks Part"/>
<MassProperties>
<Mass>4.7426499861726574</Mass>
<CenterOfMass>-0.025085246154481686 -0.02422653176240128 5.2272511304145428e-09</CenterOfMass>
<Inertia>0.013519374164360425 0.049996406846495089 0.049440165334396227 1.2553762147403927e-09 -8.3873885887241013e-09 0.0018320524246110744</Inertia>
</MassProperties>
<GeometryFile name="CanhTay2_Default_sldprt.STEP" type="STEP"/>
<VisualProperties>
<Ambient r="0.90196078431372551" g="0.92156862745098034" b="0.92156862745098034" a="1"/>
<Diffuse r="0.90196078431372551" g="0.92156862745098034" b="0.92156862745098034" a="1"/>
<Specular r="0.90196078431372551" g="0.92156862745098034" b="0.92156862745098034" a="1"/>
<Emissive r="0" g="0" b="0" a="1"/>
<Shininess>0.3125</Shininess>
</VisualProperties>
</Part>
<Part name="Part_Hieu" uid="Part_Hieu*:*Default" version="522">
<ModelUnits mass="kilogram" length="millimeter"/>
<PartFile name="Part_Hieu.sldprt" type="SolidWorks Part"/>
<MassProperties>
<Mass>11.728525978811208</Mass>
<CenterOfMass>-0.028627737505616219 0.10342614581841962 -0.00086282141160610038</CenterOfMass>
<Inertia>0.085513713548612147 0.12100455904708401 0.15508642583336787 0.0015095901384002167 0.00022170552533045689 -0.0043877608240320571</Inertia>
</MassProperties>
<GeometryFile name="Part_Hieu_Default_sldprt.STEP" type="STEP"/>
<VisualProperties>
<Ambient r="1" g="0.93725490196078431" b="0.13725490196078433" a="1"/>
<Diffuse r="1" g="0.93725490196078431" b="0.13725490196078433" a="1"/>
<Specular r="0.30000001192092896" g="0.28117648176118437" b="0.041176472224441235" a="1"/>
<Emissive r="0" g="0" b="0" a="1"/>
<Shininess>0.5</Shininess>
</VisualProperties>
</Part>
<Part name="Pump" uid="Pump*:*Default" version="139">
<ModelUnits mass="kilogram" length="millimeter"/>
<PartFile name="Pump.SLDPRT" type="SolidWorks Part"/>
<MassProperties>
<Mass>0.97814410445638567</Mass>
<CenterOfMass>-0.055893580451135648 -0.03494062149355303 0.0049246241390324044</CenterOfMass>
<Inertia>0.0013471918522593119 0.0016497528047089449 0.0018705955366859893 5.3816321308203644e-05 -3.9456699456941453e-05 -5.0566748934567225e-05</Inertia>
</MassProperties>
<GeometryFile name="Pump_Default_sldprt.STEP" type="STEP"/>
<VisualProperties>
<Ambient r="0.792156862745098" g="0.81960784313725488" b="0.93333333333333335" a="1"/>
<Diffuse r="0.792156862745098" g="0.81960784313725488" b="0.93333333333333335" a="1"/>
<Specular r="0.396078431372549" g="0.40980392156862744" b="0.46666666666666667" a="1"/>
<Emissive r="0" g="0" b="0" a="1"/>
<Shininess>0.40000000596046448</Shininess>
</VisualProperties>
</Part>
<Part name="Pump2" uid="Pump2*:*Default" version="185">
<ModelUnits mass="kilogram" length="millimeter"/>
<PartFile name="Pump2.SLDPRT" type="SolidWorks Part"/>
<MassProperties>
<Mass>0.97814410445638567</Mass>
<CenterOfMass>-0.055893580451135648 -0.03494062149355303 0.0049246241390324044</CenterOfMass>
<Inertia>0.0013471918522593119 0.0016497528047089449 0.0018705955366859893 5.3816321308203644e-05 -3.9456699456941453e-05 -5.0566748934567225e-05</Inertia>
</MassProperties>
<GeometryFile name="Pump2_Default_sldprt.STEP" type="STEP"/>
<VisualProperties>
<Ambient r="0.792156862745098" g="0.81960784313725488" b="0.93333333333333335" a="1"/>
<Diffuse r="0.792156862745098" g="0.81960784313725488" b="0.93333333333333335" a="1"/>
<Specular r="0.396078431372549" g="0.40980392156862744" b="0.46666666666666667" a="1"/>
<Emissive r="0" g="0" b="0" a="1"/>
<Shininess>0.40000000596046448</Shininess>
</VisualProperties>
</Part>
<Part name="Tool" uid="Tool*:*Default" version="281">
<ModelUnits mass="kilogram" length="millimeter"/>
<PartFile name="Tool.SLDPRT" type="SolidWorks Part"/>
<MassProperties>
<Mass>0.24232346816591641</Mass>
<CenterOfMass>-5.5131361648562447e-05 0 0.11778447632658125</CenterOfMass>
<Inertia>0.005061608380357456 0.0050611868157063415 8.425572899247191e-05 0 -1.4733589999398385e-06 0</Inertia>
</MassProperties>
<GeometryFile name="Tool_Default_sldprt.STEP" type="STEP"/>
<VisualProperties>
<Ambient r="0.6470588235294118" g="0.61960784313725492" b="0.58823529411764708" a="1"/>
<Diffuse r="0.6470588235294118" g="0.61960784313725492" b="0.58823529411764708" a="1"/>
<Specular r="0.45294117647058824" g="0.43372549019607842" b="0.41176470588235292" a="1"/>
<Emissive r="0" g="0" b="0" a="1"/>
<Shininess>0.3125</Shininess>
</VisualProperties>
</Part>
</Parts>
</SimscapeMultibodyImportXML>
